PSolucion,PAbsorcion,PBiomasa,PPrecipitacion,PPrecipitado,KSolucion,KAbsorcion,KBiomasa,KPrecipitacion,KPrecipitado,
1000.0,0.0,0.0,0.0,0.0,1000.0,0.0,0.0,0.0,0.0,
986.3333,8.666666,8.666666,5.0,5.0,981.82153,11.178445,11.178445,7.0,7.0,
972.62683,8.706492,17.373158,5.0,10.0,963.59436,11.227198,22.405643,7.0,14.0,
958.8789,8.747906,26.121063,5.0,15.0,945.31647,11.277872,33.683517,7.0,21.0,
945.0879,8.791006,34.91207,5.0,20.0,926.9859,11.330593,45.01411,7.0,28.0,
931.25195,8.835908,43.74798,5.0,25.0,908.6004,11.38549,56.3996,7.0,35.0,
917.3692,8.882729,52.630707,5.0,30.0,890.1577,11.44271,67.84231,7.0,42.0,
903.4376,8.931601,61.56231,5.0,35.0,871.6553,11.502411,79.34472,7.0,49.0,
889.45496,8.982672,70.54498,5.0,40.0,853.0905,11.564766,90.909485,7.0,56.0,
875.4189,9.036098,79.58108,5.0,45.0,834.4606,11.629966,102.53945,7.0,63.0,
861.32684,9.092058,88.673134,5.0,50.0,815.7623,11.69822,114.23767,7.0,70.0,
847.1761,9.150744,97.823875,5.0,55.0,796.99255,11.769762,126.00743,7.0,77.0,
832.9637,9.212373,107.03625,5.0,60.0,778.1477,11.844848,137.85228,7.0,84.0,
818.6865,9.277184,116.31343,5.0,65.0,759.22394,11.923762,149.77605,7.0,91.0,
804.34106,9.345442,125.658875,5.0,70.0,740.2171,12.006821,161.78287,7.0,98.0,
789.92365,9.417447,135.07632,5.0,75.0,721.12274,12.094382,173.87724,7.0,105.0,
775.4301,9.493537,144.56985,5.0,80.0,701.9359,12.186842,186.06409,7.0,112.0,
760.856,9.574085,154.14394,5.0,85.0,682.65125,12.284648,198.34874,7.0,119.0,
746.1965,9.659523,163.80347,5.0,90.0,663.26294,12.388306,210.73705,7.0,126.0,
731.44617,9.750336,173.5538,5.0,95.0,643.7645,12.498397,223.23544,7.0,133.0,
716.59906,9.847078,183.40088,5.0,100.0,624.149,12.615568,235.85101,7.0,140.0,
701.6487,9.950389,193.35127,5.0,105.0,604.4084,12.740579,248.5916,7.0,147.0,
686.58765,10.061005,203.41228,5.0,110.0,584.5341,12.874286,261.46588,7.0,154.0,
671.4079,10.179775,213.59206,5.0,115.0,564.5164,13.017699,274.48358,7.0,161.0,
656.1002,10.307704,223.89977,5.0,120.0,544.3444,13.171986,287.65558,7.0,168.0,
640.65424,10.445963,234.34573,5.0,125.0,524.0059,13.338517,300.9941,7.0,175.0,
625.0583,10.595943,244.94168,5.0,130.0,503.487,13.51892,314.51303,7.0,182.0,
609.29895,10.759308,255.70099,5.0,135.0,482.77188,13.715127,328.22815,7.0,189.0,
593.3609,10.9380665,266.63907,5.0,140.0,461.8424,13.929472,342.15762,7.0,196.0,
577.22626,11.134666,277.77374,5.0,145.0,440.6776,14.1647835,356.32242,7.0,203.0,
560.87415,11.352125,289.12585,5.0,150.0,419.25308,14.424543,370.74695,7.0,210.0,
544.2799,11.594212,300.72006,5.0,155.0,397.54,14.713083,385.46002,7.0,217.0,
527.4142,11.8657055,312.58575,5.0,160.0,375.50415,15.035872,400.49588,7.0,224.0,
510.2414,12.172763,324.7585,5.0,165.0,353.10422,15.399926,415.8958,7.0,231.0,
492.71793,12.523476,337.28198,5.0,170.0,330.2898,15.814415,431.71024,7.0,238.0,
474.7892,12.928713,350.2107,5.0,175.0,306.9982,16.291586,448.00183,7.0,245.0,
457.1927,12.596534,362.80722,5.0,180.0,283.12018,16.878006,464.87982,7.0,252.0,
440.18793,12.004754,374.81198,5.0,185.0,259.74097,16.379227,481.25903,7.0,259.0,
423.8755,11.312435,386.12442,5.0,190.0,237.23602,15.504951,496.76398,7.0,266.0,
408.36044,10.515052,396.63947,5.0,195.0,215.74438,14.491643,511.2556,7.0,273.0,
393.76468,9.595755,406.23523,5.0,200.0,195.42935,13.315029,524.5706,7.0,280.0,
380.22687,8.537796,414.773,5.0,205.0,176.47946,11.949895,536.5205,7.0,287.0,
367.8993,7.3275757,422.1006,5.0,210.0,159.10559,10.373877,546.8944,7.0,294.0,
356.9392,5.9600983,428.06067,5.0,215.0,143.53091,8.5746765,555.4691,7.0,301.0,
347.49188,4.447339,432.508,5.0,220.0,129.9692,6.561722,562.0308,7.0,308.0,
339.6635,2.828383,435.33636,5.0,225.0,118.5879,4.3812914,566.4121,7.0,315.0,
333.48688,1.1766372,436.513,5.0,230.0,109.45892,2.1289752,568.5411,7.0,322.0,
328.48688,0.0,436.513,5.0,235.0,102.45892,0.0,568.5411,7.0,329.0,
323.48688,0.0,436.513,5.0,240.0,95.45892,0.0,568.5411,7.0,336.0,
318.48688,0.0,436.513,5.0,245.0,88.45892,0.0,568.5411,7.0,343.0,
313.48688,0.0,436.513,5.0,250.0,81.45892,0.0,568.5411,7.0,350.0,
308.48688,0.0,436.513,5.0,255.0,74.45892,0.0,568.5411,7.0,357.0,
303.48688,0.0,436.513,5.0,260.0,67.45892,0.0,568.5411,7.0,364.0,
298.48688,0.0,436.513,5.0,265.0,60.458923,0.0,568.5411,7.0,371.0,
293.48688,0.0,436.513,5.0,270.0,53.458923,0.0,568.5411,7.0,378.0,
288.48688,0.0,436.513,5.0,275.0,46.458923,0.0,568.5411,7.0,385.0,
283.48688,0.0,436.513,5.0,280.0,39.458923,0.0,568.5411,7.0,392.0,
278.48688,0.0,436.513,5.0,285.0,32.458923,0.0,568.5411,7.0,399.0,
273.48688,0.0,436.513,5.0,290.0,25.458923,0.0,568.5411,7.0,406.0,
268.48688,0.0,436.513,5.0,295.0,18.458923,0.0,568.5411,7.0,413.0,
263.48688,0.0,436.513,5.0,300.0,11.458923,0.0,568.5411,7.0,420.0,
258.48688,0.0,436.513,5.0,305.0,4.4589233,0.0,568.5411,7.0,427.0,
253.48688,0.0,436.513,5.0,310.0,0.0,0.0,568.5411,4.4589233,431.45892,
248.48688,0.0,436.513,5.0,315.0,0.0,0.0,568.5411,0.0,431.45892,
243.48688,0.0,436.513,5.0,320.0,0.0,0.0,568.5411,0.0,431.45892,
238.48688,0.0,436.513,5.0,325.0,0.0,0.0,568.5411,0.0,431.45892,
233.48688,0.0,436.513,5.0,330.0,0.0,0.0,568.5411,0.0,431.45892,
228.48688,0.0,436.513,5.0,335.0,0.0,0.0,568.5411,0.0,431.45892,
223.48688,0.0,436.513,5.0,340.0,0.0,0.0,568.5411,0.0,431.45892,
218.48688,0.0,436.513,5.0,345.0,0.0,0.0,568.5411,0.0,431.45892,
213.48688,0.0,436.513,5.0,350.0,0.0,0.0,568.5411,0.0,431.45892,
208.48688,0.0,436.513,5.0,355.0,0.0,0.0,568.5411,0.0,431.45892,
203.48688,0.0,436.513,5.0,360.0,0.0,0.0,568.5411,0.0,431.45892,
198.48688,0.0,436.513,5.0,365.0,0.0,0.0,568.5411,0.0,431.45892,
193.48688,0.0,436.513,5.0,370.0,0.0,0.0,568.5411,0.0,431.45892,
188.48688,0.0,436.513,5.0,375.0,0.0,0.0,568.5411,0.0,431.45892,
183.48688,0.0,436.513,5.0,380.0,0.0,0.0,568.5411,0.0,431.45892,
178.48688,0.0,436.513,5.0,385.0,0.0,0.0,568.5411,0.0,431.45892,
173.48688,0.0,436.513,5.0,390.0,0.0,0.0,568.5411,0.0,431.45892,
168.48688,0.0,436.513,5.0,395.0,0.0,0.0,568.5411,0.0,431.45892,
163.48688,0.0,436.513,5.0,400.0,0.0,0.0,568.5411,0.0,431.45892,
158.48688,0.0,436.513,5.0,405.0,0.0,0.0,568.5411,0.0,431.45892,
153.48688,0.0,436.513,5.0,410.0,0.0,0.0,568.5411,0.0,431.45892,
148.48688,0.0,436.513,5.0,415.0,0.0,0.0,568.5411,0.0,431.45892,
143.48688,0.0,436.513,5.0,420.0,0.0,0.0,568.5411,0.0,431.45892,
138.48688,0.0,436.513,5.0,425.0,0.0,0.0,568.5411,0.0,431.45892,
133.48688,0.0,436.513,5.0,430.0,0.0,0.0,568.5411,0.0,431.45892,
128.48688,0.0,436.513,5.0,435.0,0.0,0.0,568.5411,0.0,431.45892,
123.48688,0.0,436.513,5.0,440.0,0.0,0.0,568.5411,0.0,431.45892,
118.48688,0.0,436.513,5.0,445.0,0.0,0.0,568.5411,0.0,431.45892,
113.48688,0.0,436.513,5.0,450.0,0.0,0.0,568.5411,0.0,431.45892,
108.48688,0.0,436.513,5.0,455.0,0.0,0.0,568.5411,0.0,431.45892,
103.48688,0.0,436.513,5.0,460.0,0.0,0.0,568.5411,0.0,431.45892,
98.48688,0.0,436.513,5.0,465.0,0.0,0.0,568.5411,0.0,431.45892,
93.48688,0.0,436.513,5.0,470.0,0.0,0.0,568.5411,0.0,431.45892,
88.48688,0.0,436.513,5.0,475.0,0.0,0.0,568.5411,0.0,431.45892,
83.48688,0.0,436.513,5.0,480.0,0.0,0.0,568.5411,0.0,431.45892,
78.48688,0.0,436.513,5.0,485.0,0.0,0.0,568.5411,0.0,431.45892,
73.48688,0.0,436.513,5.0,490.0,0.0,0.0,568.5411,0.0,431.45892,
68.48688,0.0,436.513,5.0,495.0,0.0,0.0,568.5411,0.0,431.45892,
63.486877,0.0,436.513,5.0,500.0,0.0,0.0,568.5411,0.0,431.45892,
58.486877,0.0,436.513,5.0,505.0,0.0,0.0,568.5411,0.0,431.45892,
53.486877,0.0,436.513,5.0,510.0,0.0,0.0,568.5411,0.0,431.45892,
48.486877,0.0,436.513,5.0,515.0,0.0,0.0,568.5411,0.0,431.45892,
43.486877,0.0,436.513,5.0,520.0,0.0,0.0,568.5411,0.0,431.45892,
38.486877,0.0,436.513,5.0,525.0,0.0,0.0,568.5411,0.0,431.45892,
33.486877,0.0,436.513,5.0,530.0,0.0,0.0,568.5411,0.0,431.45892,
28.486877,0.0,436.513,5.0,535.0,0.0,0.0,568.5411,0.0,431.45892,
23.486877,0.0,436.513,5.0,540.0,0.0,0.0,568.5411,0.0,431.45892,
18.486877,0.0,436.513,5.0,545.0,0.0,0.0,568.5411,0.0,431.45892,
13.486877,0.0,436.513,5.0,550.0,0.0,0.0,568.5411,0.0,431.45892,
8.486877,0.0,436.513,5.0,555.0,0.0,0.0,568.5411,0.0,431.45892,
3.4868774,0.0,436.513,5.0,560.0,0.0,0.0,568.5411,0.0,431.45892,
0.0,0.0,436.513,3.4868774,563.4869,NaN,NaN,NaN,NaN,NaN,
